数组形状: ()
数据类型: object
数组内容:
 OrderedDict([
    ('rotation', {'arr': array([[0., 0., 0., 1.],
       [0., 0., 0., 1.],
       [0., 0., 0., 1.],
       [0., 0., 0., 1.],
       [0., 0., 0., 1.],
       [0., 0., 0., 1.],
       [0., 0., 0., 1.],
       [0., 0., 0., 1.],
       [0., 0., 0., 1.],
       [0., 0., 0., 1.],
       [0., 0., 0., 1.],
       [0., 0., 0., 1.],
       [0., 0., 0., 1.],
       [0., 0., 0., 1.],
       [0., 0., 0., 1.],
       [0., 0., 0., 1.],
       [0., 0., 0., 1.],
       [0., 0., 0., 1.],
       [0., 0., 0., 1.],
       [0., 0., 0., 1.],
       [0., 0., 0., 1.],
       [0., 0., 0., 1.],
       [0., 0., 0., 1.],
       [0., 0., 0., 1.],
       [0., 0., 0., 1.],
       [0., 0., 0., 1.],
       [0., 0., 0., 1.],
       [0., 0., 0., 1.],
       [0., 0., 0., 1.],
       [0., 0., 0., 1.],
       [0., 0., 0., 1.]], dtype=float32), 'context': {'dtype': 'float32'}}), 

       ('root_translation', {'arr': array([0., 0., 0.], dtype=float32), 'context': {'dtype': 'float32'}}), 

       ('skeleton_tree', OrderedDict([('node_names', ['pelvis', 'ltorso', 'l_uglut', 'r_uglut', 'mtorso', 'l_lglut', 'r_lglut', 'utorso', 'l_uleg', 'r_uleg', 'l_clav', 'l_lleg', 'head', 'r_clav', 'r_lleg', 'l_scap', 'l_talus', 'r_scap', 'r_talus', 'l_uarm', 'l_foot', 'r_uarm', 'r_foot', 'l_larm', 'r_larm', 'l_ufarm', 'r_ufarm', 'l_lfarm', 'r_lfarm', 'l_hand', 'r_hand']), 

       ('parent_indices', {'arr': array([-1,  0,  0,  0,  1,  2,  3,  4,  5,  6,  7,  8,  7,  7,  9, 10, 11,
       13, 14, 15, 16, 17, 18, 19, 21, 23, 24, 25, 26, 27, 28]), 'context': {'dtype': 'int64'}}), 

       ('local_translation', {'arr': array([[ 0.        ,  0.        ,  0.        ],
       [ 0.        ,  0.        ,  0.0746835 ],
       [ 0.        ,  0.0844732 ,  0.00313046],
       [ 0.        , -0.0844732 ,  0.00313046],
       [ 0.        ,  0.        ,  0.2305974 ],
       [ 0.        ,  0.        , -0.0312052 ],
       [ 0.        ,  0.        , -0.0312052 ],
       [ 0.        ,  0.        ,  0.215     ],
       [ 0.        ,  0.        , -0.21      ],
       [ 0.        ,  0.        , -0.21      ],
       [ 0.        ,  0.148     , -0.084     ],
       [ 0.        ,  0.        , -0.187     ],
       [ 0.        ,  0.        ,  0.08774   ],
       [ 0.        , -0.148     , -0.084     ],
       [ 0.        ,  0.        , -0.187     ],
       [ 0.        ,  0.115     , -0.014     ],
       [ 0.        ,  0.        ,  0.        ],
       [ 0.        , -0.115     , -0.014     ],
       [ 0.        ,  0.        ,  0.        ],
       [ 0.        ,  0.065     ,  0.        ],
       [ 0.        ,  0.        , -0.17      ],
       [ 0.        , -0.065     ,  0.        ],
       [ 0.        ,  0.        , -0.17      ],
       [ 0.        ,  0.127     ,  0.        ],
       [ 0.        , -0.127     ,  0.        ],
       [ 0.        ,  0.065     ,  0.        ],
       [ 0.        , -0.065     ,  0.        ],
       [ 0.        ,  0.1       , -0.01      ],
       [ 0.        , -0.1       , -0.01      ],
       [ 0.        ,  0.15      ,  0.01      ],
       [ 0.        , -0.15      , -0.01      ]], dtype=float32), 'context': {'dtype': 'float32'}})])), 
       ('is_local', True), 
       ('__name__', 'SkeletonState')])